Year,"Communications, computer, etc. (% of service exports, BoP)","Communications, computer, etc. (% of service imports, BoP)"
1976,52.90858726,11.79039301
1977,53.49940688,13.65187713
1978,46.37681159,11.37440758
1979,43.8449848,12.43781095
1980,39.80011758,12.16931217
1981,37.13384407,13.70338248
1982,33.60058309,13.42857143
1983,32.62711864,13.26732673
1984,32.99418605,13.74434389
1985,31.41720097,12.33766234
1986,30.2488176,11.75830158
1987,27.48906387,13.43072573
1988,26.71929558,11.87526698
1989,25.31851112,11.68173599
1990,24.40618871,11.59701976
1991,30.11014493,11.99054932
1992,26.04322894,11.42425767
1993,26.95652174,11.90538765
1994,24.64880633,11.78411501
1995,26.22210588,7.896952349
1996,26.91460412,10.34745504
1997,27.51839859,11.79451579
1998,29.59520804,12.37911025
1999,28.81007933,13.66320265
2000,28.34913112,13.70223979
2001,31.36547825,14.61083458
2002,12.87016286,22.34577416
2003,12.4838132,25.79212701
2004,14.42958085,23.11031188
2005,13.25001237,24.30171327
2006,14.23951479,28.01926168
2007,13.76086409,26.08645592
2008,12.00440704,20.21257825
2009,12.6077215,19.44747965
2010,10.49824482,20.96512766
2011,10.47952744,26.9846026
2012,12.98575106,30.46418029
2013,15.83971286,35.74039032
2014,3.020623439,29.90376404
2015,2.584813258,32.08175947
2016,1.709342873,28.04211303
2017,20.41663951,32.98901432
2018,18.97128593,30.29954095
2019,24.88792954,34.58271275
2020,32.19933346,45.39454205
2021,32.91798022,51.96944571
2022,36.11640531,49.58773618
2023,40.61989612,53.44575372
2024,38.50085764,54.18769942
